function [C1,C2,C3,C4]=Gseries(Xo,So);

A00=-0.017*1e-1;
A01=-0.513*1e-1;
A02=0.517*1e-1;
A10=0.371*1e-3;
A11=-0.0827*1e-3;
A20=-0.102*1e-5;
A30=0.167*1e-8;
A40=-0.998*1e-12;
B00=-0.626*1e-5;
F=0.1;

A0=(A00+F*A01+F^2*A02);
A1=(A10+F*A11);

C1=A1+B00./So+2*A20*Xo+3*A30*Xo.^2+4*A40*Xo.^3;
C2=A20+3*A30*Xo+6*A40*Xo.^2;
C3=A30+4*A40*Xo;
C4=A40*Xo./Xo;