function AntSet=density_FT2_ant

AntSet(1,:)=[-0.069 -0.079 -0.059 0.0716];
AntSet(2,:)=[-0.046 -0.056 -0.036 0.0888];
AntSet(3,:)=[-0.023 -0.033 -0.013 0.0972];
AntSet(4,:)=[0, -0.01 0.01 0.1];
AntSet(7,:)=[0.069 0.079 0.059 0.0716];
AntSet(6,:)=[0.046 0.056 0.036 0.0888];
AntSet(5,:)=[0.023 0.033 0.013 0.0972];
